Level 1
5000000
0000000
0000000
0000000
0000005
0000000
0000000
0000000
0000000
0005000

0111111
0010000
0000100
1101111
0110110
0011010
0010100
0110010
0011000

000000
100110
001101
111001
000001
100001
101100
100101
100111
100101

7
1

Level 2
0000000
0000005
0000005
0000000
0020000
0000000
0000000
0000000
0000000
0000000

0010000
1110111
0110000
1001001
1101110
0000010
1011101
0000010
1110111

110101
000010
010110
010111
000010
111110
000010
101000
010110
000000

1
1

Level 3
0005000
0000000
0000000
0004000
0000000
0000000
0000000
0000000
0000000
5000000

1110111
0010100
0110000
0010000
1111000
0000000
1111011
0100001
0011010

000000
110011
000111
010000
110111
011011
100111
010010
101100
010010

1
1

Level 4
0000000
0000010
0000000
0000000
0000000
0000000
0000000
0000000
0000000
0000005

0000000
0111111
0101000
0101000
0111000
0111101
1000000
0111111
0000000

001110
110001
010111
010011
010101
010010
001111
010000
001110
110001

7
2

Level 5
0000000
0000000
0000300
0000000
0000000
0000000
0000000
0000000
0000000
0000005

0000010
1111011
0100111
1100100
0101001
0001010
1011011
1111011
0111111

011001
100100
101000
001011
101010
000010
111000
001000
000000
000000

1
1

Level 6
0000002
0000000
0000000
0000000
0600000
0000000
0000005
0000000
0000000
0000000

1011010
1011001
0100010
1011111
0100001
0110111
1000001
1010010
0010101

010010
010010
011000
000110
011100
010010
010010
001110
010110
110000

1
1

Level 7
0000000
5000000
0000000
0000000
0000100
0000000
0000000
0000000
0000000
0000000

0000001
1111101
0011101
0010010
0011010
0011001
0001110
0111011
1111101

011100
100010
110000
100010
110110
110000
110010
010010
100000
000000

1
3

Level 8
0000000
0030000
0000000
0000000
0000000
0000000
0000000
0000000
0000040
0000000

1011001
0101001
1110111
0100100
0100000
1100111
0010000
1111110
1000000

001010
000010
011000
000101
011111
011000
001001
101110
001011
010100

4
5

Level 9
0000000
0050000
1000000
0000000
0000000
0000000
0000000
0000002
0000000
0000000

0101010
1111110
0001010
1000000
0011011
1000000
1011111
0010010
1110111

011010
000000
110101
010100
111011
000111
011000
000101
110000
000000

3
5

Level 10
4000005
0000000
0000000
0000000
0000000
0000000
0000000
0000000
0001000
0000000

0111111
0000000
1011000
1011110
0000000
0010110
0000100
1011111
0110000

000000
011101
100010
010011
011011
110101
101001
110101
000111
010000

4
5

Level 11
0000005
0000000
0000000
0000000
0000000
0003000
0000000
0000000
0000000
0000000

1101010
0110001
1001010
0110100
0101001
0010110
0111011
1000110
0001100

001000
010110
010110
010110
001011
101010
100100
010100
111001
001000

1
1

Level 12
5000000
0000000
0000400
0000000
0000000
0000000
0000000
0000000
0000000
0000000

0000100
1100010
0110001
1100010
0011110
0101111
0000000
0011110
0010100

101001
011101
001110
001110
010100
110000
011010
110101
101001
100010

3
6

Level 13
0000000
0500000
0000000
0000000
0000000
0000000
0000000
0000000
0000100
0000000

0011100
0110010
1101001
1011110
0011100
0111000
0010110
0101001
0110100

100001
100010
001110
010010
010001
100011
100101
101010
001011
001000

3
6

Level 14
5000000
0000000
0000000
0000040
0000000
0000000
3000000
0000000
0000000
0000000

1110010
0001001
0010010
0100100
1011000
0001100
0010010
0100100
0001110

000100
010101
110110
101101
010111
110011
110101
101011
011001
100000

5
5

Level 15
1000000
0000000
0000000
0005000
0000000
0000000
0000000
0000000
4000000
0000000

1011010
0110100
1101001
0110010
0011100
0111010
1110000
0001010
0111101

010000
100110
001011
000110
100101
100010
000111
010101
101010
000000

6
6

Level 16
5000000
0000000
0000000
0000000
0000000
0000000
0000004
0003000
0000000
0000000

0101100
1011011
0100010
1110000
0011101
0000010
0010110
0101000
0110101

100001
010010
010100
001110
100111
110010
111100
101011
001010
000100

7
1

Level 17
4000000
0000000
0000000
0000000
0000000
0000000
0000001
0000000
0000000
5000000

0100011
1001000
0011010
0100100
1111000
0110110
1101000
0000000
0010010

101000
010110
110101
010110
001011
000101
001001
011111
110111
100100

4
6

Level 18
5000000
0000000
0000000
0000100
0000000
0000000
0000000
0000000
0300000
0000000

1001100
0000010
0000001
0110010
0100110
1011010
0100101
0001110
0110001

010001
111101
111110
101110
000100
101001
011010
110010
101010
000100

4
6

Level 19
0040004
0000000
0005400
0000000
0000000
0000000
0004000
0000000
0000000
0000005

1110100
1001110
0110111
0111010
1001101
0001000
0000010
0001000
0110101

000100
001001
011000
000100
010010
110011
111110
110111
011010
000100

1
1

Level 20
0000000
0000000
5000000
5000000
0000000
0000000
0000200
0000000
0000000
0000000

0010110
0101001
1010110
0101100
0100000
0010110
0101010
0111100
0001101

100000
110101
010010
101001
011011
101101
101100
010011
100010
010000

4
6

Level 21
0000500
0000000
0000000
0000000
0000000
0000000
0000300
0000000
1000000
0000000

0100100
0011010
1100100
0110000
0100000
0001010
1011000
0110110
0001101

100100
101011
010101
001111
101111
010110
110011
010001
101010
010000

6
7

Level 22
1000000
0000000
0000000
1000000
0000000
0000100
0000000
1000000
0000000
0000001

1111100
0000000
0110100
0101110
1000000
0011110
0111100
0100000
0011000

000001
010011
101111
101001
011010
110101
100001
001011
110111
000100

2
5

Level 23
0000000
0000000
0000000
0000005
0000000
0060000
0000000
0000000
0000000
4000006

0000100
0101110
1111001
0111100
0011110
0110000
1100100
0111000
0001110

100100
111001
001010
000011
100001
100100
001111
001011
100101
010000

4
3

Level 24
6000000
0000000
0000000
0040000
0000000
0000000
0000000
0000005
0000000
0000000

0011110
1111000
0111100
0101010
0010101
1001000
0110110
1100100
0100000

100000
010001
000011
001001
110110
011011
010101
001001
011111
000100

4
5

Level 25
5000000
0000000
0000000
0000003
0000000
0000000
0060000
0000000
0000000
0000000

0011101
0111010
1100100
1001010
0011100
0111100
0011100
0001100
0110010

100000
100010
001010
011101
010011
100001
100011
110001
101011
000100

4
6

Level 26
0000005
0000000
5000000
0000000
0000000
0000000
0000000
0001000
0000000
0000004

1101100
1000110
0000111
0001110
0111110
0000110
1100011
0110100
0001110

001000
011001
011100
111000
110000
100001
011100
001101
101010
010000

5
9

Level 27
0000052
0000000
0000000
0000000
0000000
0000000
5000000
0000000
0000000
0000000

0111010
1100101
0100010
0110100
0110000
1101000
0000110
0011011
0100010

100000
001010
011101
001101
100011
001111
011010
110100
110110
001000

1
1

Level 28
5006000
0000000
0000000
0000000
0000000
0000000
0040400
0000000
0000000
0000000

1001000
0001101
0111010
1000100
0110011
0001110
0111100
0001000
0000100

010100
110011
010010
010110
101101
010100
110001
010011
111011
101000

4
7

Level 29
0000000
0000000
0000060
0000000
0000000
0000000
0000000
0000400
0000000
0000005

0101110
1110010
0001001
0001010
0110100
0100100
1101010
0000111
0001000

100000
001001
100110
111010
010101
101101
001011
011100
111001
100010

6
6

Level 30
0000000
0000000
0100000
0000000
0000006
0000000
0000000
0000000
0000000
0000004

1100100
0111010
0011110
0000100
0100010
1001100
0110010
1001011
0010110

001001
010101
100010
110100
011101
011011
010101
010100
110100
000100

3
4

Level 31
5000000
0000000
0000000
0000000
0014000
0000000
0000000
0000002
0000000
0000000

1111110
0010010
0001001
0100110
1001011
0110110
1100000
0111110
0101110

000000
100001
110110
011010
101100
011010
001101
001010
000001
010000

3
6

Level 32
1000000
0000030
0000000
0000000
4000000
0000000
0000000
0000000
0000005
0000000

1100010
0110100
1010010
0111010
0110110
1001100
0101011
0110110
1111010

001010
001101
010101
100110
000100
011001
010010
101000
000101
000000

4
5

Level 33
0300000
0000000
0000000
0400000
0000000
0000000
0006000
0000000
0005200
0000000

1010110
0111100
0101010
0011001
0000010
1101001
0110000
0101110
0010010

010000
100101
010001
100110
110110
011010
001111
001010
101001
100100

5
6

Level 34
5000000
0000000
0000000
0000000
0000000
1000000
0040400
0000000
0000300
0000000

0110010
0000100
1111000
0110100
0011110
0000010
0111100
1000110
0111000

100010
101101
010111
000011
101001
110100
101001
010101
101010
000001

2
5

Level 35
0200000
0000020
0000200
0000000
0200020
0000000
0000000
0200000
0000020
0000000

0010100
0001001
1100010
0010100
0001110
0100111
0011000
1000110
0001100

100100
111011
010110
101101
110010
011000
110110
010101
111001
001000

3
6

Level 36
0000000
0000000
1060000
0020004
0000000
0000000
0000000
0000000
0000300
0000000

0010100
0001110
0001110
0100100
0110010
1111100
0001010
1000010
0100101

100010
111001
110001
101001
101101
000101
010010
111001
011110
001000

6
3

Level 37
0000000
0000000
0000000
0006000
0000000
0400000
0000000
0000500
0000000
0000000

0000000
0111010
1110100
0101110
0000111
1011000
0001100
0111001
0001110

101010
110101
000110
001001
111000
010100
110011
010011
101010
010000

2
2

Level 38
0000000
0000000
0400000
0000000
0000200
0000005
0000000
0000000
0030000
0000000

1111110
1110101
0110010
0011001
0111010
0111101
0100000
1000010
0110110

000000
000010
000101
100110
100110
000010
100010
011111
011100
000100

4
5

Level 39
0000005
0000000
0000000
0000000
0000000
4000000
0000000
0030000
0000020
0000000

1011000
0111110
1001000
0100010
0110111
0000100
1100110
0011100
0100010

010001
100010
010001
011111
001100
101010
011001
101001
101011
000100

4
4

Level 40
0000000
0000000
0600000
0000006
0000000
0006000
0000000
0600006
0000000
0060000

1000100
0001001
0111010
1001000
0001110
0010010
0101101
1011110
0101110

011000
110111
010010
010111
110001
110100
010101
010010
010000
001000

1
1

Level 41
0050000
0000000
0060000
0000000
0000000
0000000
0000000
0000100
4000000
0000000

1010001
0101100
0011010
0100100
0011100
1100111
0010010
0101110
0110100

010100
101010
010011
101010
110101
001001
101100
010001
101001
000100

1
1

Level 42
0000000
0000001
5000000
0000000
0000000
0004000
0300020
0000000
0000000
0000000

0100110
1111110
0001110
1111001
0011010
0000110
0101111
0001000
0011110

100100
001000
100001
010010
000010
110101
111000
011001
110010
100000

1
1

Level 43
0000000
0000000
0000030
0200000
0000000
5000000
0000000
0000001
0004000
0000000

0011100
0000001
0110010
1111100
0010010
0000110
0000100
0101010
0010111

100000
111011
101110
000101
100101
111100
111001
101011
010100
100000

3
5

Level 44
5000002
0004000
0000000
0000000
0000000
0000000
0000010
2000000
0000000
0000000

1001000
0001100
0110010
0001110
1100001
0111010
0000110
1011011
0100000

010010
111011
010101
101001
011010
010110
001100
110100
010110
001001

7
7

Level 45
0000001
0000000
0000300
0000000
0000000
0000000
0000000
0000020
0000000
0520000

1010000
0001110
0010100
0100010
0000011
0001110
0011100
0111000
1000110

010010
110101
110001
101101
011110
111100
110001
100011
010101
001000

1
1

Level 46
5000000
0000100
0000000
4000020
0000000
0000000
0000000
0000000
0000000
1000600

1011100
0100000
0110110
1000001
0010000
0001000
0110010
0000000
0110010

010000
101011
001101
010110
111111
110111
101101
010110
101111
001000

4
5

Level 47
0000000
0020001
5000000
0000000
0006000
0000000
0000000
0000000
0000400
6000000

0110010
0011010
0001100
0010011
0110110
1000110
0111000
1110010
0011001

100100
100101
110010
101101
100100
011001
010101
000110
100110
000010

4
7

Level 48
0000001
0001600
0000000
0020000
0000000
0000000
0000000
0000000
0000052
0000000

1111010
0100000
0011000
0110001
1101100
0110000
0001110
1111100
0000110

000010
001110
010111
100111
001010
001011
101101
010001
010010
101000

1
1

Level 49
5000000
0020000
0000000
0000001
0000000
4000000
0000000
0030000
0000000
0000000

0101000
1010000
0101010
0110000
1001100
0000000
0011110
0111100
0000010

100001
010111
101110
010101
010111
011011
110101
100001
101011
010100

5
1

Level 50
0210006
0000000
0000000
4000000
0000000
0000000
0000000
0000000
0000000
0000001

1110010
0001001
0111110
1001000
0100101
1110110
0101001
0011010
0001100

000100
010110
101010
010010
011011
001100
001010
010110
110010
100001

5
5

Level 51
0000100
0000000
0000000
0000400
0000500
0000000
5000000
0000000
0000000
0000006

0000011
0010110
0011000
0110100
1001110
0010010
0101001
0011100
0111010

101000
111100
100101
100111
010001
110100
101110
010011
100010
000100

4
7

Level 52
2000000
1000000
0000000
0000000
0000004
0000000
6000000
0000000
0000000
5000006

1111010
0010101
0100010
0011110
0100110
1000001
0110010
1111011
0000110

000010
001010
101100
110101
100000
011110
011110
000100
010100
101000

4
5

Level 53
5000001
6000000
0400000
0000000
0000000
0000000
0000000
0000200
0000000
0003000

1111010
0110000
0000110
0101010
0000101
1101110
0110000
0111100
1001010

000010
000110
101101
111001
101010
011001
001010
100101
010011
001000

2
4

Level 54
4000000
0001000
0000000
0000000
2000030
0000000
6000005
0000000
0000000
0000000

0000000
1100110
0111011
0000000
1110000
0111000
0100100
1100110
0111100

101010
011101
010100
010110
101111
000111
001011
011101
001001
000000

4
10

Level 55
4000000
0000000
0004000
0000000
0000000
5000060
0000000
0000020
0000000
1000000

1111110
0010100
1100000
0110011
0001010
0110100
1001100
0011110
0111100

000000
001001
101111
001110
010100
101011
011001
110001
100001
000000

3
8

Level 56
0000006
0000004
0000000
0000000
4000100
0000000
0000000
0000000
0000002
0000000

1001110
0110111
0011100
1001000
0000000
0000000
0100100
0001010
0110001

010000
101000
001001
110011
011011
111111
111111
011010
101110
000100

1
1

Level 57
0000000
2000005
0000000
0040000
0000000
0000000
1000000
0000000
0000000
0006000

0001000
0100110
1111100
0100010
0011100
1001110
0010010
0100000
0110001

100010
111011
001001
001101
010101
110001
010100
101111
101110
000010

4
6

Level 58
0000000
0000001
0000000
4000600
0000000
0000000
0050000
0040000
0000000
3000000

0000010
0000101
1101110
0100000
0010110
0100001
0100010
1011010
0100100

101000
111101
011010
011010
101101
010101
101110
011001
010110
001001

5
9

Level 59
6400000
0000000
0000000
0000060
0000000
0001000
0000000
0000000
0500000
0000000

0010010
0100100
0010010
0000001
1101010
0111100
1111110
0011100
0100110

100100
101101
101101
111110
010110
001010
000001
000001
110101
001000

3
4

Level 60
0010000
0000000
0000060
6000000
0004000
0000000
0000000
0000000
0000005
00100000

0100010
1111101
0111110
0001010
0010110
0100000
1001111
0101100
0110010

100100
001010
000001
101000
110101
101101
011010
010000
101011
000100

2
6


end