Level 1
0000000000000
0000030010000
0004000000000
0500000000000
0000000000000
0000000002000

0100001111100
1011011000110
0101101000101
1000110110010
0100000101100

000010
011100
100111
011010
110001
000110
001000
011010
011101
001110
000000
010010

1

Level 2
0000001000000
0000000000000
0000040000000
0000000000000
0000000000000
0000000000020

0010001100010
1010000110110
0110110110001
1001100011001
1001001100010

010000
110111
000000
101101
011001
111110
000100
000000
110111
101010
011111
000000

15

Level 3
0000000000500
0000000000000
0000000000000
1000000020000
0000000000000
0000000000000

1001111100000
0000000100101
1011001110110
0000100010000
1101000110011

001100
101100
011111
001000
001111
001110
001010
000000
110111
111110
100100
100100

29

Level 4
0000000000000
0000000002100
0000000000000
0400000000000
0000000000000
0000000000000

0000001011101
0111100001100
0110101010110
0001001000110
0100000110000

101111
100010
010110
100010
101011
111011
010000
111110
000010
011101
000010
001010

43

Level 5
0000000000002
0000000000001
0000000000000
0000000000000
0000000000000
0000000000000

0100010000000
0110000100010
0111011101011
0000011110100
1010011111011

000010
011010
100110
101111
010000
101100
100000
011000
110111
011000
101100
010100

1

Level 6
0000000000002
0000000000001
0000000000000
0000000000000
0000000000000
0000000000000

0010001000010
1001111000010
1110010000110
1011101110110
0000000100000

100010
101001
000001
111110
011010
000001
101001
011100
111101
110010
000010
110111

1

Level 7
0000000000002
0000000000001
0000000000000
0000000000000
0000000000000
0000000000000

0000100000100
0101101111100
0000101000010
1000000001011
0100110000110

101000
110111
101111
000111
100100
100010
011110
101110
111110
000100
100001
101100

1

Level 8
0000000000002
0000000000001
0000000000000
0000000000000
0000000000000
0000000000000

1111010111101
0010111101100
0010100100000
1011100001010
0000001101110

010101
000001
001101
000001
110111
001010
000100
001011
110111
001000
001000
011010

1