Level 1
5000000
0000000
0000050
0000000
0000000
0000000
0000000
0000000
0050000
0000000

0001001
1111101
1000110
0001100
0000111
0001000
0001100
0111001
1001101

100101
000000
001111
011000
100001
110010
011110
010111
111010
001101

2
2

Level 2
0000000
0000000
0000000
0000000
0000000
0000000
0000000
0000000
0000000
0000000

0000000
0001100
0000100
0011100
0000000
0000000
0000000
0000000
0000000

000000
011000
001100
000000
010010
000000
000000
000000
000000
000000

1
1

Level 3
0000000
0000000
0000000
0000000
0000000
0000000
0000000
0000000
0000000
0000000

0000000
0000000
0000000
0000000
0000000
0000000
0000000
0000000
0000000

000000
000000
000000
000000
000000
000000
000000
000000
000000
000000

1
1

Level 4
0000000
0000000
0000000
0000000
0000000
0000000
0000000
0000000
0000000
0000000

0000000
0000000
0000000
0000000
0000000
0000000
0000000
0000000
0000000

000000
000000
000000
000000
000000
000000
000000
000000
000000
000000

1
1

Level 5
0000000
0000000
0000000
0000000
0000000
0000000
0000000
0000000
0000000
0000000

0000000
0000000
0000000
0000000
0000000
0000000
0000000
0000000
0000000

000000
000000
000000
000000
000000
000000
000000
000000
000000
000000

1
1

Level 6
0000000
0000000
0000000
0000000
0000000
0000000
0000000
0000000
0000000
0000000

0000000
0000000
0000000
0000000
0000000
0000000
0000000
0000000
0000000

000000
000000
000000
000000
000000
000000
000000
000000
000000
000000

1
1

Level 7
0000000
0000000
0000000
0000000
0000000
0000000
0000000
0000000
0000000
0000000

0000000
0000000
0000000
0000000
0000000
0000000
0000000
0000000
0000000

000000
000000
000000
000000
000000
000000
000000
000000
000000
000000

1
1

Level 8
0000000
0000000
0000000
0000000
0000000
0000000
0000000
0000000
0000000
0000000

0000000
0000000
0000000
0000000
0000000
0000000
0000000
0000000
0000000

000000
000000
000000
000000
000000
000000
000000
000000
000000
000000

1
1

Level 9
0000000
0000000
0000000
0000000
0000000
0000000
0000000
0000000
0000000
0000000

0000000
0000000
0000000
0000000
0000000
0000000
0000000
0000000
0000000

000000
000000
000000
000000
000000
000000
000000
000000
000000
000000

1
1