Level 1
1230000
0000000
0000000
0000000
0000000
0000000
0000000
0000000
0000000
0000000

0111000
1001000
0101010
0011000
0101001
1111001
1010011
0000000
1010011

111101
000000
001111
011000
100001
110010
011110
010111
111010
001101

3
3

63
1

64
2

65
3


Level 2
1230000
0000000
0000000
0000000
0000000
0000000
0000000
0000000
0000000
0000000

0111000
1001000
0101010
0011000
0101001
1111001
1010011
0000000
1010011

100101
000000
001111
011000
100001
110010
011110
010111
111010
001101

2
2

63
1

64
2

65
3


end