Level 1
111110001000
000101011000
001011100101
011101111010
100010011101
011100001100
000011011010
011110110110
001101101110
011011010011
001101100000
110011110110
000011001101
011100011110
000111001110
010001100011

00000100100
00010110011
11101010111
10010001010
01010100010
10101110010
01010110001
10100100101
10001001000
10010010100
10010101110
01100001101
10110010010
01010110001
10001010000
11110011100
00100001000

1
1

12
14

Level 2
111110111000
010111011110
101100100010
000111011001
010011100000
011000101110
100111000100
010000101011
001110100101
010011010000
011001000000
100101100100
001010011010
011100110000
010000001100
001011101100

00000100001
01000100010
01001001001
01001101110
11100010111
00110101010
01001011001
01101011010
10011101010
10100101110
10110101111
01010011101
11010101011
10011100110
01001101011
10111011001
00100000001

5
8

11
3

Level 3
100100100000
010010100110
000111001110
011001000101
100000111010
001100010010
011001110101
000010100110
011100011010
110000100100
001100011001
010111000000
001111101110
000000010001
000111101110
000101011000

01001000110
01011011101
11100101000
10010111001
01111011010
11001100101
10011001010
01111001010
10101101100
00011101011
00111010110
11001111011
01000010101
11010101100
11101010010
11100010101
10001000010

8
6

12
12

Level 4
100101111000
001111101110
010011110000
001000100111
011101010001
101000111100
011111111010
001110110000
010010001000
110100011100
011000101000
001101110100
011011111010
101111010010
010100100101
001011101110

01010000001
11000010010
10100001101
10110001010
10011011100
00011100110
01010000011
10000000110
01100101111
00101110011
01011101001
10011010111
10010000101
00100010010
01000101101
10101011010
00100000000

7
12

4
1

Level 5
111010010100
001101110010
011011111100
100011111100
010001111110
110110101110
001111010100
000011010010
010111101100
011010110110
101101001000
011000100010
010110010000
000010110110
001001101000
010011010011

00010100001
00101001101
10010000101
01100000011
01110000001
00101001000
01000101001
11000110101
11100010101
00100001001
01010101010
10011011111
00101110110
01100100101
11111001101
10110010110
01000001000

7
10

1
1

Level 6
111100110001
011011001110
100010110000
000100101100
011001010110
110001110011
000011110000
011100100001
111011010010
011100001001
000100100010
111001110100
010000001000
001100001110
001011000100
010111110000

00001000100
00010110110
01010010101
11101001011
01011010010
00111001100
01110000110
10101001111
00101101110
00010010110
10101111110
01011001101
00111010011
01011111010
11010111001
10100001111
01000000010

1
6

12
1

Level 7
010110010010
100000110100
010001100010
011110001001
111100100110
000010011000
001101011010
011110110011
001011101000
000111110000
110110110110
011111011001
101110100010
110001011001
001110110000
010101001100

10000100010
01101101101
01111001010
10010111110
00001101010
10101010101
11010110011
01000100100
10010010110
11100001111
01001000101
00000100010
00001010110
01010101110
00101000111
11001101011
00010010000

6
5

12
12

Level 8
001010001000
010001011100
011011101110
111110010000
000011000001
000001101010
011010110101
100100001100
011001111010
011000000100
011111000110
011010011011
110010100110
000001000100
011000101001
110101011110

10000101001
10110110011
10110010001
00010101100
01000110111
11110011110
10110100010
01101101010
10011010011
00111001101
00010111010
10000110100
00110101010
01101011100
10111011011
00111010010
00001000000

6
10

12
12

Level 9
000010111000
000101110000
110000000100
001111101000
000010000110
001000011100
011101011110
011110110100
111001001111
101001011110
000111001100
001001100110
000111110000
011111001011
001001111010
010111100110

10100000010
11101000111
01111011111
10100101011
11000111101
11111110001
10010100001
00001001001
00010110100
00111010000
01010010001
11010011001
11010001101
11000010110
10010010100
01101000101
00000001000

7
5

7
14

Level 10
110111011001
011010100110
011011111100
110001111010
000111000000
001100101100
100110101001
000001010000
010010110110
000101000111
011010100000
000101011110
011110100000
111001001101
010101000010
001111111100

00100000010
00100101010
10010001001
00110000010
01100010111
11001011011
11001011010
01110101011
11101010110
01110101000
10101011101
10010101010
11000101101
00010111010
01011011010
10100010101
00000000001

6
9

12
12

Level 11
001010111100
000101011101
010000111010
100111101000
011110110100
100101100010
010000110001
000100100110
011001110010
100110101001
000001000100
010011110000
010110011010
100000100110
001001110111
000100111110

10001000000
11010100011
11011000010
01101000101
01000101011
01001001101
01111001110
10101100110
11011001100
01010100110
11101011011
01110011111
10100100110
01011101001
11111001000
11010001000
00101000000

1
1

12
12

Level 12
001011110000
011000011110
110011100110
001001100010
000110010001
011100110000
000001000010
011111011101
100000101010
000111110001
000011110000
010000011100
001011010010
000000110110
000101111001
110100010000

10000001010
10110100101
00101010001
10110001100
11011011110
01001100111
11011011110
10100010101
01010110010
11101001110
11100000110
01111001011
10110100011
11110101100
11011000110
01101001011
00001100100

1
1

12
12

Level 13
001000101100
000001111010
000000110101
011000111010
111100010110
011100100101
000011111010
010100111100
101000001000
000110010100
011111111000
000100001100
000010110000
000100000100
000010010010
001001111110

10001000010
11111010001
11111000110
10111100010
00011100100
00011101100
10101001010
01101000011
01011110001
11101101011
10000101011
00010010011
11101101011
11101110111
11101101101
11110101001
10010000000

1
1

12
12

Level 14
001000111110
000111011011
010000100100
100111010100
011100101010
111111110100
010010101010
000001100101
010110001010
001101010110
011000101001
100011001100
000100100000
010001111110
010011100100
001100110000

10001000000
11010100100
11010101010
01101010101
01010101011
00001001101
00100100101
11101001010
10110011010
01001110100
10011011010
01110110011
11101011011
10111000110
01110001001
01001001111
10001000010

1
1

12
12

Level 15
000001011010
001010000100
011001000100
110011101110
011100111110
001101011110
011110101111
110001010010
000000111001
011000101110
000111110011
001101101100
111111110010
000001100100
011110011100
001111100010

11001000010
10110110101
10110111011
00110011001
01010010000
00011000001
10001010000
01010101000
01111010110
10111100010
01001001100
11010000101
10000010010
01010001101
10101010101
10000101011
00000010100

1
1

12
12

Level 16
100001000000
000100001100
001100100010
010011001001
000001000000
011100010000
010010111010
101111000001
010100110100
011111100010
011101010100
110010111100
011110011010
000101000100
000010101110
001110010111

01100010101
11011111011
11011011010
10101011110
01110110111
11010111111
00011100110
10100010010
01001011111
10010001101
00001010101
01010100011
00100100010
01010110101
11101011001
11001101000
10000100000

1
1

12
12

Level 17
111110010110
011001011100
010100101100
100011101010
000111010001
001001111010
010110001100
110010100000
001011111000
010001111101
100001110110
000110001100
011000010100
110101001010
011000111001
001011010110

00000100100
00010110001
00111001001
01101010010
11100010110
11010010110
01101100011
00101011011
10100010111
01110000010
01111000001
11010101001
01010110101
00111111010
01011000101
00110100110
10000010000

1
1

12
12

Level 18
001011101000
110111110001
101100100110
010110001110
000110010111
001100101110
010001100100
011011110000
000100001010
110010100101
010001001010
011000110110
001111000010
000100100101
000001001000
011011100110

10010000010
01100001111
00001001010
01001101000
11100111000
10001101000
11011010101
00110001101
10101010111
01101111010
01110010101
00111101010
10010101100
11001011101
11111011010
10110011011
00000010000

1
1

12
12

Level 19
001111000101
011000101000
100001000010
000010001100
010110010010
010011001111
101000010110
010111100100
010000001100
100011011010
000110110110
011111101011
000011110110
000011111100
110101100110
001110101001

10000000100
10010111010
01111011111
11110111001
01001110110
10100110100
01110110000
01011001101
10101011001
01110110011
11010100100
01000001010
10100010100
11100000010
01110001001
01001011010
10000000010

1
1

12
12

Level 20
000010000110
001101101110
001101111100
110011001010
001000000010
100001111001
010111001010
000011110000
001100001010
011110110101
110001111010
001011000000
111110000010
010011111001
001111101110
011000010111

10100101000
11011011001
11000010001
01010001010
00110111001
11111010110
01010010110
01100010111
11010101001
10001010110
00101001010
10110010101
00100111111
00100101010
10010000010
10101011000
00010100000

1
1

12
12

Level 21
000110000100
111001110010
000001111100
001110110000
011101001011
001111100100
010100111010
011000010100
000111001011
001110110110
000101011100
110111101110
011100011000
010100110000
101000011100
010111000010

10100010100
01010101101
10111000011
11010000101
10001010110
10001011101
01010001001
10011100101
10101011010
11000100100
11010100010
01001010001
01001010011
00011100111
01011101011
01010101001
01000010100

1
1

12
12

Level 22
100110110010
011101000100
110010111010
000001000100
011100100000
011110011011
011000101000
110011001110
000110101100
001111010010
101101000001
011110101110
111001000011
001111000001
000110111010
010001010100

01000000100
01010101110
00101010101
01110101011
11011011101
00001110110
10010100110
00101010011
01101011000
11000110101
10001001110
01000111010
00011010100
00010011110
11000101110
11110100101
00010001000

1
1

12
12

Level 23
110011011100
000000101011
000100100000
011001011100
000110111110
011011000100
001010101000
010101111000
101110110010
010001010001
001110000010
110110111000
100111111010
011100110101
000000001010
001111011000

00100100000
01101010001
11111011110
11010101011
01010100001
10101011001
10100101011
10101000111
01001000110
01010101101
10101101110
01001010111
01000100001
01001000110
00111101010
11010110110
10000000001

1
1

12
12

Level 24
001000001100
110000010000
011110001100
010010000010
100101010011
010010010110
001110111100
111001011000
011110011110
101000001110
011100111011
011110001000
001011100100
011101000010
001110111110
110011011100

10010110000
01111110111
00101110011
00001111101
01110101110
01101110100
11010100001
00010100011
00010100101
01001110000
10011010010
00001110010
10100010111
10010011101
10001011001
01100100001
00000010000

1
1

12
12

Level 25
100101001000
010010011001
101101110110
011110101000
010101010110
001000101001
100111111110
011111111001
101001000010
010100110110
001011100001
010110111100
101001000110
010011101001
010010100110
000100111110

01000010100
01110110011
01010100110
10001010101
01000101010
01011010101
11010100010
01000000010
00100010110
01011011100
10101001010
01100100111
01010101001
10110011010
01101001010
01101101000
10001000000

1
1

12
12

Level 26
101110001100
011100001010
000011010010
110110001000
010001101111
100011011110
010110001000
011000010001
100100001010
010100000100
011110001111
100011001110
010110010100
001001100010
010010101001
101100010110

01000100001
10001111001
10101010110
01100110110
00110111001
01110010000
01100110010
10010110111
01011110110
01101111010
10001111001
01010110000
01100110010
10110101101
01010011110
01101101010
00001000100

1
1

12
12

Level 27
010010011000
001001000111
000010001110
010101111010
101001100001
000110111110
010011011000
101100011110
010110100000
001011010100
110010101001
011100010010
000101011110
001011101100
010110010010
101001110000

10001000010
10110110101
10110111000
11110101001
01011000110
11010001010
01100100010
01010110001
01001100101
10101011011
01100101011
00010101110
10011110001
11010010001
10100100101
01101001110
00010000101

1
1

12
12

Level 28
100000111010
010111100110
010011011110
100100101111
011010000110
001111011000
000001100000
010011111100
001100101000
011001010110
010010001010
100110001110
011001010100
000000101010
000100010000
111001101111

01101000000
01010010101
10100101000
01100101000
01011011000
10000110101
11101010111
10110001011
10101010011
10011010101
10110110100
01001111001
01010101001
10111010110
11111101101
01011010010
00001000000

1
1

12
12

Level 29
110000100110
001111010011
010001100110
001000110000
000111100100
100001100010
010011010000
001011001001
001100110110
011111100101
010111001011
001010110000
011100011010
101000000100
010001011100
001010000010

00101001000
01010101100
10100101100
01111001110
11010101011
11100001101
01110011111
10100110110
11010101010
10001001100
01000011010
01001010110
10010100101
01011111010
10111110011
10110110101
00001001010

1
1

12
12

Level 30
101001010100
011110101000
011001110110
001110011100
100100110000
010011100010
100110111100
001001101110
010111011101
101100111110
011010100100
011001010000
000011100110
000101001100
000010111110
010001100001

01001000100
10010101011
00001001011
10010101001
11001100011
01011001110
01100010101
01101000001
11010010010
01001100001
00010100001
10011011111
10100101100
11110011001
11101010001
01111001010
01000010100

1
1

12
12

Level 31
100110011101
010011010010
001100001110
010011100001
101101000010
010010100000
011111100111
100110111010
011001010100
011010101010
001010010001
101101100110
010010010010
011001101100
001011111110
010001110011

01000100000
01100110010
10110110101
10101011010
01001001110
10110111110
00100001101
01000101000
10110100101
00010101011
10001101110
11010101010
01010101100
00101011011
10110000001
10110000100
00100001000

1
1

12
12

Level 32
101010010010
010101001110
111011110010
011100111001
110000101110
011101010001
001010001010
010100110101
000011011010
011101110100
010010111001
111100010010
000110001100
010001110010
001010111110
000101000111

01000100010
01010110100
00101010101
00101000110
00011100000
00111011010
10010110110
10101100101
01101010010
10100100110
10010001011
00101100110
01001110101
11101010101
10110000100
11101101000
00010010000

1
1

12
12

Level 33
110010100110
011011000010
001100010100
011100001000
001000011001
110110101110
011100110110
001110011000
011001001100
011110111100
110111001000
101110110111
011101101110
100010010110
011111010101
010010101010

00100101000
00110011100
10010101101
10001110111
10011110011
01011110010
01001001000
10001100101
10010110011
00010100011
00100010011
01000110101
00001001000
01010101000
01100110100
00100101010
01001000010

1
1

12
12

Level 34
011011001010
111100101001
010000110010
001101111000
100010101001
010111100110
000000100100
010001011110
001010101101
000101000110
000011111010
001101010001
001110001010
010101001000
101110110100
010111001000

10000010010
00011011010
00101100110
11011000110
01101000111
01100011010
10011001100
11111011001
10110100010
11101011001
11100010100
11010000101
10001110110
10100111010
01001010111
01000101011
00100010001

1
1

12
12

Level 35
001100101100
001001000110
011111100010
111111011011
011010110110
001100101100
011101001010
000101010110
001000101001
110011001110
010110011100
000001000110
000010110110
000001011000
011010111100
010100100100

10001000010
11011011001
10010011100
00000010110
00100100100
10011001001
00001010101
10100111010
11011010100
10111011010
00100110001
11101011001
11110101100
11110100101
10110100011
00101010011
01001001000

1
1

12
12

Level 36
101111011110
010010000100
001101100010
000010100101
000001001110
000011011001
011000110010
000110010100
001111001011
011001001110
111110100100
010000010010
001101101100
101011000110
010100101000
011001011101

01000000000
10100110001
10101011101
11001011110
11110011001
11110101000
01110100110
10101101110
11000110101
10010011000
00011011001
00100101010
11011101101
01010011001
10101011011
01011010010
00000100000

1
1

12
12

Level 37
100100010010
011101111100
010001100010
111011101000
010011010101
000110100010
000011010110
000101111010
011000110111
010010100011
100101010010
011011001100
000000011001
010011110110
100001101110
010001010011

01001001000
01010100101
10011000101
00110001111
00110001010
11100101101
11101011100
11100100101
10010001000
00111001100
01101101100
01010010110
10110110011
11111001010
01110001000
01111010100
00100001000

1
1

12
12

Level 38
010001000101
001010011010
010110001000
101001000100
000110100110
010111111110
001000111000
001100010110
010010111010
100111011101
010001111110
000011000000
000111110110
001110011001
011001111110
000010011110

10010101000
10110110110
10100110011
01010111101
11011011001
01000001001
10101000010
10011100101
11011101001
01100100010
01110000001
10101001010
11100010101
11000010101
10101100010
10110100000
01010010000

1
1

12
12

Level 39
010101000100
100010001110
000111111000
011000111110
110000010001
010100001111
001010010010
110100100100
010100101110
011011111100
100111111110
001111111000
001011110110
011110000110
001101111011
001011100100

10001001010
01110111001
11100010010
01010100001
00111100110
01101110100
01011110100
10101011101
00011101001
10101000001
01010000001
01000000010
11000000101
10010101001
10001010100
11010001010
00000010001

1
1

12
12

Level 40
111100100010
001111001100
001001001000
010001011000
010010101101
001111000010
000010100100
001101000010
011110010100
000000100000
000110101000
011001000100
110010000010
000110011000
001000111100
000101100011

00001010100
10001011010
11000011011
10111010011
01110110011
10101011010
11000101101
11101011101
10001111101
01010101011
11101011111
10101011011
00110111110
01101110101
11010100011
11011001010
10001000100

1
1

12
12

Level 41
001111100100
000000111001
011101010010
100100100100
000010010110
010010000010
101100000000
010010000100
001111011110
010000100101
001111001110
001100110010
110000101101
000011000010
010101110110
000010101000

10000000100
11011001011
10101010110
01011101101
11101101001
01110111100
01001111101
10101111111
10100110001
01010101001
10101010010
11001010100
01011100101
10101011010
01110010101
11101001101
01000100010

1
1

12
12

Level 42
110001001000
100010010011
010001101110
011011011100
011110110110
110011101000
001000110010
000000110100
010101111000
011110101100
111001010110
001000101000
110001100111
010001011010
100000101100
011010000110

00101001001
01110110110
01101010100
00110010001
10000100100
00101001011
10101001110
11111100101
01011000011
10010010011
00010101001
00111010101
10110011010
00110101010
01111010010
01111111001
00000100100

1
1

12
12

Level 43
100111111010
010000110110
100100011010
011010110001
000011000110
010001101101
000110111010
010001100000
101100101110
000110011010
010101101111
101000111110
010010011000
000011001100
011110000110
000101011010

01000000010
01101000100
01111101001
10101100110
10100101101
01110011000
11101010010
01010000110
10111011101
01001010001
11100100100
01011010000
00110100010
11110110011
10100111001
10010110101
01000010000

1
1

12
12

Level 44
011111011000
001111101110
110111000100
000100100110
001101110100
100110001001
011011011010
011100101000
000101110100
111010011100
010111101110
000000010011
101111100010
010101010001
011000001110
101000110010

10000000010
10000010011
01000011001
01101011100
11001001001
10010110111
01100101010
00011010011
10100001011
01011010001
00100101001
11101010100
01010101100
10100101110
00101010110
01011110100
00011000010

1
1

12
12

Level 45
101010101100
000111000000
001110000110
011111010000
000001100101
011111110011
011100001000
110010010110
101100100100
010101010010
000011110010
100110000101
011101101100
000010011000
001101011010
010110100100

01000100000
11010011011
11000111101
10000111101
10100101110
01010001010
10000110110
00101101101
01011101010
00010110101
01101000110
11100101101
01001011010
10101010011
11010100111
11001010101
00001001000

1
1

12
12

Level 46
001111100010
010000001011
001000010000
000100101100
001000011010
011101110100
111110101000
111101111100
010000111110
010001110010
100111100011
011010000010
110000010001
011000000100
010100111010
101111000100

10000001000
10101011110
10111110110
11011110101
10111010011
10011100101
00001001011
00000100011
00101000001
10111000100
01010001110
01100111100
00111101110
00111111110
00101101011
01001010101
00000101000

1
1

12
12

Level 47
100000001110
010100001010
011000000101
101101111011
011001010110
010010101100
100001000111
001101100010
010101111100
011111011110
111000101001
000001110010
011110100100
001100011110
010000110011
000011001110

01101010000
01011110100
10011111010
01010101010
10011000100
00110110010
01111011001
11010101100
01010001010
10000100001
00010101010
01111001010
10101001101
10001010101
10101100100
01111010100
10100010000

1
1

12
12

Level 48
101010101100
010111000110
011100101010
011111010000
011100000110
111110001001
000010010000
000111011010
100011110010
010010111100
011101011000
001110001000
111001100110
010111101100
101001000010
010000010111

01001000001
10100011001
01001011010
00001101110
10000110101
00001111010
01001110111
11100110110
11100000101
01101000101
00110100001
10001110111
01010011011
00010001001
01010011101
01111110100
00100100000

1
1

12
12

Level 49
000001001110
010000111100
111010101000
010011010110
010110100001
001110010110
010011101110
101111011010
010001000001
010010100000
011101000010
100000110110
010011101100
111111110000
001110001100
000101111010

10010010000
11111100001
00110010011
00110101011
01100101100
10001101110
10100101000
01010001001
10100010110
01110111111
00101011101
01011101100
01110010101
00100001011
10000100101
11001010011
00100000100

1
1

12
12

Level 50
011001000000
110011110110
001100100100
011000001100
100010011000
010111000010
001000000100
011010100010
110001011100
010110101010
001000100100
011011010100
001100010010
000110001001
001111010000
010010001010

10000101010
00110010101
10101001101
10011111001
00111110011
01100110111
11010011101
10011111101
00110101010
00101010011
10101101101
10110101011
10011010101
11001110110
11000110110
10100110111
00010010000

1
1

12
12

Level 51
001101100000
010111110000
101110111011
010000000010
001101100110
011011001100
010110000100
001110000010
000111110110
000011001111
001101001110
010110010010
111011000000
000110101100
000001110000
011010001011

10001001001
10100001111
01000000110
10101110100
01011011101
10010011001
10100111011
10001111101
11000101100
11100010000
11010011000
10010110100
00100111111
01010011011
11101000101
10110101110
00001010000

1
1

12
12

Level 52
100100000110
000011111011
001111010000
011110000000
001001101110
010101110100
101010111011
110101100010
001011110101
010101101010
000010000000
001001001110
100110010001
010000111110
001010101000
001001010000

01000101000
11101010100
11100010110
10000110111
00011011101
10100001001
01011000110
01010100100
01010001101
10010001010
01101101110
11110110101
11010111010
01101100101
10110100010
11010101111
00010010001

1
1

12
12

Level 53
010111110001
001001000110
111000011100
000100001010
011010110100
110011010011
011001110100
011101101010
001010010001
000100100100
011101000010
111011100100
010111001000
001010010110
101101001001
010010110010

10000000100
10110001110
01011111001
01011110010
10101101101
00110000110
00110010100
00010001011
10010101110
11101101010
10010111101
00010011110
00100011011
10010110101
11000110110
01011010110
00100000100

1
1

12
12

Level 54
101000110000
010111111010
001011111101
000100010010
001001101101
000101011110
011010101100
000011010110
010110111010
001101001100
000000100111
001011011000
110110101101
001011010010
001010011101
010100101010

01010001001
10101000110
10100000010
11011000110
11010101010
11011010001
10101000010
10110011001
01100100100
11001010011
10111011000
11010101010
01010010011
10100101100
11010110010
10101010010
00001001000

1
1

12
12

Level 55
011001001000
110011110100
101100000010
010110111100
101001101100
010110110010
011101000101
111010101010
000101110001
001011001000
010110000100
010100011000
111001101000
010010010100
001000011110
011110100010

10001001000
00110010111
01010011101
01001101011
01011000001
01010010101
00100101110
00010011010
10101010110
11010010111
01100111011
10001101011
00111010011
00101101011
01110110010
10011101001
00000010100

1
1

12
12

Level 56
001100111110
010001110010
100001101100
011010010101
001100100110
011001011100
011011100110
100000011000
011110001110
000110110011
001100000110
011001100101
001000110010
110010010001
011101100010
001000011100

10000100000
11011000100
01111001011
10110010010
00101101001
10011101001
00110011001
10101100101
01010110010
01001101100
11001110100
10010011010
10111001101
01011100110
00110101110
10011101101
00100100000

1
1

12
12

Level 57
100100000010
011000001010
010001101101
011011001110
111010010100
010101001110
011110111001
011101110000
100011101110
011111000000
011010101011
010101000110
101001000000
010011100100
010011000010
011100000000

01001100100
10111111101
01011010010
00110010010
00100111001
00101110100
10001010010
00001000111
01010001010
10100010101
00001011110
10101011010
01010111100
10110011111
01100011101
00101111111
00001010010

1
1

12
12

Level 58
110011001110
001100110000
011100100010
100111010100
001101111001
010000110010
010010001110
001111011100
000101011010
000010101110
000101001000
011100011100
110100110100
001011001010
000101011100
011011101110

00100010000
01011010101
10001101110
01010101101
11000000011
01011000110
10111110101
10100110001
11001000101
11110100010
11101011001
10001110011
00101100101
01010011010
11010100101
11010010001
00000001000

1
1

12
12

Level 59
000110011010
000111010011
010000001110
101100000100
011011110000
001001111000
000110101110
011000010100
111111001011
001111010110
110001110010
011111011000
000001100101
011110001010
011100111100
111011000000

10000100000
11100110110
11010110100
01101111001
10011001111
00110000111
11010100010
10101101001
00010110110
00000010100
10110001100
00100100101
01010011011
10101010110
10001100010
00010101011
00000010101

1
1

12
12

Level 60
100011011110
010000000000
111111110100
010011101110
000110110111
011011101001
010100111100
101101001010
000110100001
000011010110
010101000000
001100100010
010000111101
001001101110
110101111101
001110100010

01010000000
01110110011
00101011101
01000000101
01100101000
10101001010
10000010010
01011100011
11001011110
11100101010
01010111101
10001011110
11011100010
10111001000
01010010001
10101001010
00000100100

1
1

12
12