Level 1
0011101
0001000
0001110
0010000
0011110
0111111
0001101
1010100
0000000

110000
110001
110110
100101
110110
010000
110100
010100
001011
110101

1
1

7
10

Level 2
1011110
0111010
0110000
1001100
0100000
1101111
0110000
0010101
1110000

000001
001000
001111
011001
010011
001101
000100
010011
110111
000100

2
3

7
9

Level 3
0100000
0111000
1000100
1101111
0110101
0101010
1010110
1011101
1000100

101110
001001
010011
001011
010010
010100
010010
010010
010011
001000

7
1

2
10

Level 4
0000000
0010110
1110111
0100001
0111011
0110001
1001010
1111101
0010100

001001
111111
100000
010110
011000
010110
010000
000110
000001
110100

7
10

1
1

Level 5
1111101
0001000
1111011
0000001
1111011
0110000
1010110
0000000
1001110

000000
110000
001011
110100
001010
000110
010001
011101
110011
010001

6
2

2
9

Level 6
0001000
1100010
1111110
0000001
0001101
1101110
0000011
1110010
0100010

101000
010111
001010
000100
111110
110100
101000
010100
011101
000101

1
10

3
2

Level 7
0110000
0001010
1100000
1110110
0000000
1111110
0000001
0111010
0010101

001100
101011
011101
000011
001111
110001
101110
110010
001000
100010

7
2

3
10

Level 8
1001000
0001011
1100010
0110111
0010100
0011000
1111101
0010110
0000000

010010
111001
001000
001101
001011
101010
101001
100100
111101
001010

1
1

7
10

Level 9
0001001
1110100
0011001
0101010
1100100
1111011
0010010
1111101
0100100

010110
100010
001011
101000
100011
001010
110000
000101
001011
010000

1
10

7
2

Level 10
1110111
0101000
1010000
1101110
1000000
1011000
0000000
1110111
0000000

000000
000111
010111
010001
010011
011110
101001
010111
011011
100100

2
2

6
8


end
